image/C1.jpg 10 10 10 10 10  con01: 2/1/2557 - 18:00, chaingmai 50000.000000 0 0 0 0 0  0 0 0 0 0 
image/C2.jpg 10 10 10 10 10  con02: 3/1/2557 - 18:00, chaingrai 50000.000000 0 0 0 0 0  0 0 0 0 0 
image/C3.jpg 10 10 10 10 10  con03: 4/1/2557 - 18:00, chaingkan 50000.000000 0 0 0 0 0  0 0 0 0 0 
image/C4.jpg 10 10 10 10 10  con04: 5/1/2557 - 18:00, chaingmai 50000.000000 0 0 0 0 0  0 0 0 0 0 
image/C5.jpg 10 10 10 10 10  con05: 6/1/2557 - 18:00, chaingmai 50000.000000 0 0 0 0 0  0 0 0 0 0 
image/C6.jpg 10 10 10 10 10  con06: 7/1/2557 - 18:00, chaingmai 50000.000000 0 0 0 0 0  0 0 0 0 0 
image/C7.jpg 10 10 10 10 10  con07: 8/1/2557 - 18:00, chaingmai 50000.000000 0 0 0 0 0  0 0 0 0 0 
image/C8.jpg 10 10 10 10 10  con08: 9/1/2557 - 18:00, chaingmai 50000.000000 0 0 0 0 0  0 0 0 0 0 
image/C9.jpg 10 10 10 10 10  con09: 10/1/2557 - 18:00, chaingmai 50000.000000 0 0 0 0 0  0 0 0 0 0 
image/C10.jpg 10 10 10 10 10  con10: 12/1/2557 - 18:00, chaingmai 50000.000000 0 0 0 0 0  0 0 0 0 0 
image/C11.jpg 10 10 10 10 10  con11: 13/1/2557 - 18:00, chaingmai 50000.000000 0 0 0 0 0  0 0 0 0 0 
image/C12.jpg 10 10 10 10 10  con12: 14/1/2557 - 18:00, chaingmai 50000.000000 0 0 0 0 0  0 0 0 0 0 
image/C13.jpg 10 10 10 10 10  con13: 15/1/2557 - 18:00, chaingmai 50000.000000 0 0 0 0 0  0 0 0 0 0 
image/C14.jpg 10 10 10 10 10  con14: 16/1/2557 - 18:00, chaingmai 50000.000000 0 0 0 0 0  0 0 0 0 0 
image/C15.jpg 10 10 10 10 10  con15: 17/1/2557 - 18:00, chaingmai 50000.000000 0 0 0 0 0  0 0 0 0 0 
