image/C1.jpg 10 10 10 10 10  1 conGG1 con01 2 1 2557 18 0 0 chaingmai 50000.000000 500.0 1000.0 2000.0 2500.0 5000.0  0 0 0 0 0 
image/C2.jpg 10 10 10 10 10  2 conGG2 con02 3 1 2557 18 0 0 chaingrai 50000.000000 500.0 1000.0 2000.0 2500.0 5000.0  0 0 0 0 0 
image/C3.jpg 10 10 10 10 10  3 conGG3 con03 4 1 2557 18 0 0 chaingkan 50000.000000 500.0 1000.0 2000.0 2500.0 5000.0  0 0 0 0 0 
image/C4.jpg 10 10 10 10 10  4 conGG4 con04 5 1 2557 18 0 0 chaingmai 50000.000000 500.0 1000.0 2000.0 2500.0 5000.0  0 0 0 0 0 
image/C5.jpg 10 10 10 10 10  5 conGG5 con05 6 1 2557 18 0 0 chaingmai 50000.000000 500.0 1000.0 2000.0 2500.0 5000.0  0 0 0 0 0 
image/C6.jpg 10 10 10 10 10  6 conGG6 con06 7 1 2557 18 0 0 chaingmai 50000.000000 500.0 1000.0 2000.0 2500.0 5000.0  0 0 0 0 0 
image/C7.jpg 10 10 10 10 10  7 conGG7 con07 8 1 2557 18 0 0 chaingmai 50000.000000 500.0 1000.0 2000.0 2500.0 5000.0  0 0 0 0 0 
image/C8.jpg 10 10 10 10 10  8 conGG8 con08 9 1 2557 18 0 0 chaingmai 50000.000000 500.0 1000.0 2000.0 2500.0 5000.0  0 0 0 0 0 
image/C9.jpg 10 10 10 10 10  9 conGG9 con09 10 1 2557 18 0 0 chaingmai 50000.000000 500.0 1000.0 2000.0 2500.0 5000.0  0 0 0 0 0 
image/C10.jpg 10 10 10 10 10  10 conGG10 con10 12 1 2557 18 0 0 chaingmai 50000.000000 500.0 1000.0 2000.0 2500.0 5000.0  0 0 0 0 0 
image/C11.jpg 10 10 10 10 10  11 conGG11 con11 13 1 2557 18 0 0 chaingmai 50000.000000 500.0 1000.0 2000.0 2500.0 5000.0  0 0 0 0 0 
image/C12.jpg 10 10 10 10 10  12 conGG12 con12 14 1 2557 18 0 0 chaingmai 50000.000000 500.0 1000.0 2000.0 2500.0 5000.0  0 0 0 0 0 
image/C13.jpg 10 10 10 10 10  13 conGG13 con13 15 1 2557 18 0 0 chaingmai 50000.000000 500.0 1000.0 2000.0 2500.0 5000.0  0 0 0 0 0 
image/C14.jpg 10 10 10 10 10  14 conGG14 con14 16 1 2557 18 0 0 chaingmai 50000.000000 500.0 1000.0 2000.0 2500.0 5000.0  0 0 0 0 0 
image/C15.jpg 10 10 10 10 10  15 conGG15 con15 17 1 2557 18 0 0 chaingmai 50000.000000 500.0 1000.0 2000.0 2500.0 5000.0  0 0 0 0 0 
